Query	Doc	Order	Score
352 	437	1	0.097343648
352 	3246	2	0.085570484
352 	4701	3	0.0814957
352 	4606	4	0.079605472
352 	3772	5	0.067705685
352 	2267	6	0.05704699
352 	3886	7	0.056979021
352 	5072	8	0.054276458
352 	3053	9	0.054044517
352 	1582	10	0.04975342
352 	3681	11	0.04975342
352 	650	12	0.04975342
352 	3651	13	0.047763283
352 	3618	14	0.046169015
352 	3866	15	0.04464547
352 	2751	16	0.044225262
352 	4948	17	0.044225262
352 	2332	18	0.044012641
352 	1174	19	0.04074785
352 	3710	20	0.04074785
352 	2280	21	0.040427001
352 	2549	22	0.040401274
352 	2002	23	0.040268463
352 	1888	24	0.039802736
352 	4783	25	0.039802736
352 	1087	26	0.03949407
352 	4818	27	0.038031326
352 	2560	28	0.0376134
352 	2154	29	0.037315065
352 	279	30	0.037315065
352 	2931	31	0.036412972
352 	3858	32	0.035467785
352 	1674	33	0.034926728
352 	5027	34	0.034228194
352 	2599	35	0.033541632
352 	91	36	0.033329869
352 	2876	37	0.033168947
352 	3688	38	0.033168947
352 	413	39	0.033168947
352 	3387	40	0.033070719
352 	4687	41	0.032911725
352 	2635	42	0.032290749
352 	4339	43	0.031984342
352 	3923	44	0.031692772
352 	63	45	0.031423213
352 	1362	46	0.030617489
352 	3540	47	0.030617489
352 	2046	48	0.030560887
352 	2093	49	0.030560887
352 	1668	50	0.030461278
352 	2581	51	0.030358019
352 	3059	52	0.030024731
352 	1031	53	0.029852052
352 	2138	54	0.029852052
352 	2779	55	0.029852052
352 	4821	56	0.029006944
352 	3132	57	0.028430526
352 	4247	58	0.028430526
352 	5179	59	0.028229183
352 	2222	60	0.028096049
352 	4769	61	0.027986299
352 	1	62	0.02755574
352 	2510	63	0.027450163
352 	5096	64	0.027315603
352 	4812	65	0.027165233
352 	1102	66	0.027138229
352 	1360	67	0.027138229
352 	2874	68	0.027138229
352 	3106	69	0.027138229
352 	4762	70	0.027138229
352 	851	71	0.027138229
352 	2281	72	0.026653618
352 	2803	73	0.026533916
352 	2634	74	0.02593045
352 	4009	75	0.025734528
352 	3662	76	0.025406002
352 	2005	77	0.02516779
352 	4337	78	0.02516779
352 	2718	79	0.025085758
352 	281	80	0.02487671
352 	783	81	0.02487671
352 	916	82	0.02487671
352 	2580	83	0.024535933
352 	4591	84	0.024369022
352 	1563	85	0.024104362
352 	3393	86	0.024104362
352 	1901	87	0.023881642
352 	3522	88	0.023881642
352 	3673	89	0.023769579
352 	4044	90	0.02364519
352 	2306	91	0.02356741
352 	5356	92	0.023490139
352 	2530	93	0.023413374
352 	4321	94	0.023261339
352 	3478	95	0.023127158
352 	3708	96	0.023127158
352 	2201	97	0.022963117
352 	2289	98	0.022963117
352 	4345	99	0.022963117
352 	900	100	0.022672445
352 	1768	101	0.022525131
352 	705	102	0.022518549
352 	3370	103	0.022266145
352 	2407	104	0.0222261
352 	2584	105	0.022112631
352 	555	106	0.021710583
352 	259	107	0.021579797
352 	834	108	0.021392621
352 	3753	109	0.021322894
352 	338	110	0.021128515
352 	4033	111	0.021128515
352 	4372	112	0.021022572
352 	565	113	0.020948808
352 	2095	114	0.02087085
352 	4438	115	0.02087085
352 	2832	116	0.020619394
352 	84	117	0.020587622
352 	2831	118	0.020373925
352 	4798	119	0.020012549
352 	417	120	0.019986586
352 	2882	121	0.019901368
352 	3133	122	0.019901368
352 	3135	123	0.019901368
352 	746	124	0.019901368
352 	4914	125	0.019900113
352 	3922	126	0.019671376
352 	3432	127	0.01952178
352 	2052	128	0.019447837
352 	3905	129	0.019259388
352 	4125	130	0.019259388
352 	4348	131	0.019259388
352 	1194	132	0.019229322
352 	3700	133	0.019229322
352 	1872	134	0.019147089
352 	478	135	0.019074794
352 	3521	136	0.019054501
352 	2934	137	0.019015663
352 	39	138	0.018921727
352 	801	139	0.018730699
352 	3933	140	0.018703931
352 	5085	141	0.018657533
352 	3713	142	0.018602279
352 	5189	143	0.018602279
352 	5022	144	0.018402255
352 	5319	145	0.018402255
352 	2405	146	0.018370494
352 	3818	147	0.018206486
352 	4031	148	0.018206486
352 	552	149	0.018206486
352 	519	150	0.018189414
352 	910	151	0.018159324
352 	2290	152	0.018092153
352 	3302	153	0.018092153
352 	3194	154	0.018014839
352 	635	155	0.018014839
352 	1512	156	0.017822121
352 	3630	157	0.017822121
352 	1918	158	0.017560031
352 	1384	159	0.017286967
352 	2622	160	0.017286967
352 	682	161	0.017222338
352 	3261	162	0.016973902
352 	1930	163	0.016897388
352 	4074	164	0.016615628
352 	1462	165	0.01660281
352 	1089	166	0.016584473
352 	2461	167	0.016584473
352 	3278	168	0.016584473
352 	440	169	0.016470098
352 	105	170	0.016357289
352 	967	171	0.01629914
352 	1712	172	0.016282938
352 	3345	173	0.016256695
352 	3170	174	0.016136244
352 	586	175	0.016136244
352 	2919	176	0.015994483
352 	5281	177	0.015992171
352 	331	178	0.015921094
352 	4608	179	0.015711606
352 	95	180	0.015711606
352 	2176	181	0.015701006
352 	2383	182	0.015608916
352 	1488	183	0.01559764
352 	3767	184	0.015574984
352 	1243	185	0.01555827
352 	4772	186	0.01550756
352 	2740	187	0.015308745
352 	5074	188	0.015308745
352 	750	189	0.015308745
352 	2514	190	0.015280444
352 	3149	191	0.015145218
352 	1529	192	0.015114963
352 	2054	193	0.015012366
352 	625	194	0.015001031
352 	1261	195	0.014926026
352 	156	196	0.014926026
352 	1578	197	0.014926026
352 	182	198	0.014926026
352 	4067	199	0.014909889
352 	3605	200	0.014881823
352 	4293	201	0.014881823
352 	951	202	0.014881823
352 	2569	203	0.014851767
352 	4050	204	0.014851767
352 	433	205	0.014851767
352 	2388	206	0.014833318
352 	5200	207	0.014753532
352 	3936	208	0.014724763
352 	540	209	0.014690212
352 	3269	210	0.014681337
352 	5063	211	0.014651314
352 	2767	212	0.014627433
352 	4309	213	0.014627433
352 	1986	214	0.014561977
352 	4579	215	0.014561977
352 	1857	216	0.014503472
352 	3220	217	0.014503472
352 	4767	218	0.014503472
352 	3635	219	0.014444541
352 	3414	220	0.014421281
352 	3265	221	0.014386531
352 	563	222	0.014386531
352 	2756	223	0.014354643
352 	3052	224	0.014261747
352 	4421	225	0.014261747
352 	4036	226	0.014215263
352 	4270	227	0.014215263
352 	2014	228	0.014143882
352 	2018	229	0.014143882
352 	2192	230	0.014143882
352 	2573	231	0.014143882
352 	2929	232	0.014143882
352 	3079	233	0.014143882
352 	1666	234	0.014048025
352 	857	235	0.014048025
352 	1760	236	0.014027948
352 	3561	237	0.014027948
352 	791	238	0.013965872
352 	2066	239	0.013884675
352 	4620	240	0.013884675
352 	5269	241	0.013884675
352 	1856	242	0.013801691
352 	4665	243	0.013801691
352 	535	244	0.013801691
352 	352	245	0.013725081
352 	3491	246	0.013691278
352 	3153	247	0.013659472
352 	4814	248	0.013640806
352 	4362	249	0.013582617
352 	1921	250	0.013569115
352 	2528	251	0.013569115
352 	429	252	0.013569115
352 	5153	253	0.013475667
352 	4569	254	0.01344687
352 	2621	255	0.013422821
352 	1260	256	0.013416653
352 	2468	257	0.013370388
352 	3339	258	0.013267579
352 	3751	259	0.013267579
352 	659	260	0.013267579
352 	2300	261	0.013191147
352 	3191	262	0.01316469
352 	977	263	0.01316469
352 	2180	264	0.013121781
352 	4641	265	0.0131181
352 	1066	266	0.013064196
352 	680	267	0.013064196
352 	721	268	0.013014522
352 	1790	269	0.012979153
352 	3632	270	0.012979153
352 	4469	271	0.012979153
352 	908	272	0.012979153
352 	3503	273	0.012970945
352 	510	274	0.012965225
352 	3358	275	0.012839592
352 	404	276	0.012824726
352 	1122	277	0.012793737
352 	4588	278	0.012771714
352 	4792	279	0.012771714
352 	2292	280	0.012703001
352 	4564	281	0.012703001
352 	4595	282	0.012703001
352 	4727	283	0.012703001
352 	2763	284	0.012583895
352 	1436	285	0.012469922
352 	306	286	0.012438355
352 	4668	287	0.0123123
352 	3853	288	0.012310125
352 	854	289	0.012310125
352 	3535	290	0.012224355
352 	4986	291	0.012224355
352 	5238	292	0.012224355
352 	3385	293	0.012184511
352 	4980	294	0.012184511
352 	1766	295	0.012102183
352 	3095	296	0.012061435
352 	3254	297	0.012061435
352 	3493	298	0.012052181
352 	4227	299	0.012052181
352 	328	300	0.011994975
352 	3641	301	0.011956756
352 	5186	302	0.01195211
352 	1828	303	0.011940821
352 	3661	304	0.011940821
352 	5246	305	0.011940821
352 	3215	306	0.01188479
352 	4799	307	0.01188479
352 	4636	308	0.011861743
352 	3746	309	0.011822595
352 	5245	310	0.011822595
352 	3534	311	0.011802825
352 	3775	312	0.011642243
352 	5332	313	0.011642243
352 	1062	314	0.011618094
352 	1619	315	0.011485971
352 	2828	316	0.011485971
352 	4447	317	0.011485971
352 	4896	318	0.011485971
352 	289	319	0.011481559
352 	5353	320	0.011481559
352 	4561	321	0.011427974
352 	1407	322	0.011371678
352 	1491	323	0.011336222
352 	1941	324	0.011264925
352 	3938	325	0.011264925
352 	4120	326	0.011212038
352 	3966	327	0.011159646
352 	664	328	0.011159646
352 	2540	329	0.011124988
352 	2644	330	0.011097417
352 	1444	331	0.011056316
352 	1892	332	0.011056316
352 	3229	333	0.011056316
352 	3104	334	0.010954882
352 	1275	335	0.010855292
352 	2415	336	0.010855292
352 	3349	337	0.010855292
352 	4132	338	0.010855292
352 	2453	339	0.010831707
352 	5098	340	0.010763583
352 	2798	341	0.010757496
352 	4328	342	0.010725288
352 	1222	343	0.010696311
352 	1067	344	0.010661447
352 	1325	345	0.010661447
352 	251	346	0.010661447
352 	3243	347	0.010661447
352 	982	348	0.010661447
352 	4741	349	0.010642827
352 	5249	350	0.010640335
352 	399	351	0.010629874
352 	4816	352	0.010629874
352 	765	353	0.010598362
352 	870	354	0.010567098
352 	2451	355	0.010564257
352 	3157	356	0.010564257
352 	2948	357	0.010540871
352 	3867	358	0.010499446
352 	1427	359	0.010474404
352 	2116	360	0.010474404
352 	4958	361	0.010474404
352 	499	362	0.010451484
352 	3786	363	0.010435425
352 	4381	364	0.010435425
352 	341	365	0.01037218
352 	506	366	0.01037218
352 	253	367	0.010353313
352 	4261	368	0.010353313
352 	1576	369	0.010309697
352 	1615	370	0.010293811
352 	3956	371	0.010293811
352 	3975	372	0.010293811
352 	654	373	0.010293811
352 	5019	374	0.010278737
352 	4748	375	0.010247962
352 	3280	376	0.01020583
352 	4786	377	0.010169386
352 	663	378	0.01011934
352 	4311	379	0.010034303
352 	2107	380	0.009950684
352 	4202	381	0.009950684
352 	4860	382	0.009950684
352 	787	383	0.009950684
352 	4095	384	0.009865174
352 	3947	385	0.009849125
352 	3910	386	0.009823195
352 	1318	387	0.009787558
352 	658	388	0.009787558
352 	3091	389	0.009723919
352 	1065	390	0.009707984
352 	2048	391	0.009707984
352 	2387	392	0.009707984
352 	3372	393	0.009707984
352 	2616	394	0.009629694
352 	2672	395	0.009629694
352 	3332	396	0.009629694
352 	5343	397	0.009629694
352 	736	398	0.009629694
352 	125	399	0.009507832
352 	1124	400	0.009476842
352 	1198	401	0.009476842
352 	2349	402	0.009476842
352 	3233	403	0.009476842
352 	3367	404	0.009476842
352 	3745	405	0.009476842
352 	53	406	0.009476842
352 	2551	407	0.009439384
352 	2271	408	0.009417051
352 	3259	409	0.00940335
352 	3727	410	0.009377608
352 	3050	411	0.009372554
352 	277	412	0.009328766
352 	3542	413	0.009328766
352 	435	414	0.009328766
352 	4649	415	0.009308269
352 	265	416	0.00925645
352 	274	417	0.00925645
352 	3733	418	0.00925645
352 	3761	419	0.00925645
352 	3638	420	0.009201127
352 	4386	421	0.009201127
352 	4479	422	0.009201127
352 	460	423	0.009201127
352 	4784	424	0.009197015
352 	3373	425	0.009185247
352 	4129	426	0.009185247
352 	4951	427	0.009185247
352 	5143	428	0.009185247
352 	1595	429	0.009108125
352 	2971	430	0.009080472
352 	2968	431	0.009055078
352 	3322	432	0.009055078
352 	2772	433	0.009046076
352 	3525	434	0.009046076
352 	3718	435	0.009046076
352 	4949	436	0.009046076
352 	75	437	0.009046076
352 	4887	438	0.009000619
352 	2617	439	0.008978061
352 	2373	440	0.00891106
352 	2796	441	0.00891106
352 	3731	442	0.00891106
352 	5261	443	0.00891106
352 	3241	444	0.008867408
352 	3312	445	0.008867408
352 	1135	446	0.008866946
352 	3895	447	0.008812414
352 	2179	448	0.008780015
352 	2639	449	0.008780015
352 	2741	450	0.008780015
352 	3169	451	0.008780015
352 	3249	452	0.008780015
352 	802	453	0.008747854
352 	2853	454	0.008731682
352 	4019	455	0.008715928
352 	794	456	0.008711135
352 	2183	457	0.008652769
352 	2942	458	0.008652769
352 	3038	459	0.008652769
352 	3371	460	0.008652769
352 	3833	461	0.008652769
352 	828	462	0.008652769
352 	4961	463	0.008627761
352 	4735	464	0.008621531
352 	2484	465	0.008557048
352 	1192	466	0.008529158
352 	4841	467	0.008529158
352 	2060	468	0.008409029
352 	3581	469	0.008409029
352 	4310	470	0.008409029
352 	5345	471	0.008409029
352 	859	472	0.008409029
352 	1247	473	0.008350224
352 	2279	474	0.008307814
352 	1438	475	0.008292237
352 	1614	476	0.008292237
352 	2742	477	0.008292237
352 	3968	478	0.008292237
352 	4778	479	0.008292237
352 	5033	480	0.008292237
352 	1694	481	0.008235049
352 	968	482	0.008235049
352 	1499	483	0.008178644
352 	1566	484	0.008178644
352 	760	485	0.008178644
352 	1374	486	0.008123007
352 	2423	487	0.008123007
352 	4207	488	0.008123007
352 	3850	489	0.008068122
352 	5196	490	0.008068122
352 	134	491	0.008040957
352 	335	492	0.008034787
352 	5058	493	0.008034787
352 	2145	494	0.008031942
352 	2395	495	0.007997242
352 	1003	496	0.007960547
352 	1550	497	0.007960547
352 	1671	498	0.007960547
352 	2570	499	0.007960547
352 	2750	500	0.007960547
352 	4928	501	0.007960547
352 	194	502	0.007923193
352 	533	503	0.007907828
352 	495	504	0.00789041
352 	4066	505	0.007886681
352 	419	506	0.007855803
352 	5273	507	0.007855803
352 	131	508	0.00779882
352 	287	509	0.007779135
352 	2166	510	0.00775378
352 	3288	511	0.00775378
352 	4258	512	0.00775378
352 	619	513	0.00775378
352 	4937	514	0.007703755
352 	2572	515	0.007687224
352 	4040	516	0.007669272
352 	1518	517	0.007654372
352 	4385	518	0.007654372
352 	2457	519	0.007593588
352 	2206	520	0.007557482
352 	284	521	0.007557482
352 	3972	522	0.007557482
352 	4193	523	0.007557482
352 	5077	524	0.007557482
352 	924	525	0.007557482
352 	3783	526	0.00753925
352 	137	527	0.007519383
352 	1845	528	0.007506183
352 	3134	529	0.007463013
352 	3344	530	0.007463013
352 	5265	531	0.007463013
352 	97	532	0.007463013
352 	4164	533	0.007440912
352 	800	534	0.007376766
352 	1091	535	0.007370877
352 	2866	536	0.007370877
352 	346	537	0.007370877
352 	4559	538	0.007370877
352 	4944	539	0.007370877
352 	4962	540	0.007370877
352 	660	541	0.007370877
352 	2652	542	0.007328415
352 	3949	543	0.007325657
352 	1689	544	0.007313717
352 	21	545	0.007282594
352 	1634	546	0.007280988
352 	1675	547	0.007280988
352 	1919	548	0.007280988
352 	3152	549	0.007280988
352 	4172	550	0.007236861
352 	3978	551	0.007130874
352 	1774	552	0.007107631
352 	2284	553	0.007107631
352 	2949	554	0.007107631
352 	348	555	0.007107631
352 	3595	556	0.007107631
352 	875	557	0.007107631
352 	133	558	0.007102925
352 	208	559	0.007024012
352 	2518	560	0.007024012
352 	2654	561	0.007024012
352 	2864	562	0.007024012
352 	3976	563	0.007024012
352 	530	564	0.007013974
352 	2661	565	0.00700219
352 	369	566	0.006996575
352 	3494	567	0.006985346
352 	2835	568	0.00695695
352 	1373	569	0.006942338
352 	1869	570	0.006942338
352 	2273	571	0.006942338
352 	4589	572	0.006942338
352 	4637	573	0.006942338
352 	5275	574	0.006942338
352 	655	575	0.006942338
352 	374	576	0.006928784
352 	4119	577	0.006882317
352 	4043	578	0.006870389
352 	2648	579	0.006862541
352 	3168	580	0.006862541
352 	4114	581	0.006862541
352 	804	582	0.006845639
352 	2991	583	0.006818365
352 	4642	584	0.006818365
352 	1378	585	0.006784557
352 	2618	586	0.006784557
352 	4947	587	0.006764465
352 	4003	588	0.006746226
352 	2693	589	0.006711411
352 	1104	590	0.006708326
352 	3864	591	0.006708326
352 	5270	592	0.006708326
352 	5352	593	0.006708326
352 	4216	594	0.00665845
352 	1400	595	0.006633789
352 	4518	596	0.006607759
352 	902	597	0.006607759
352 	2801	598	0.006597139
352 	2520	599	0.006560891
352 	4946	600	0.006560891
352 	5076	601	0.006560891
352 	5160	602	0.006560891
352 	5349	603	0.006560891
352 	755	604	0.006560891
352 	4059	605	0.006558099
352 	366	606	0.006557125
352 	1490	607	0.006513175
352 	1943	608	0.006489577
352 	4836	609	0.006489577
352 	5091	610	0.006489577
352 	60	611	0.006489577
352 	2218	612	0.006482612
352 	3527	613	0.00645815
352 	1002	614	0.006454498
352 	1201	615	0.006419796
352 	2062	616	0.006419796
352 	4118	617	0.006419796
352 	5185	618	0.006396868
352 	1297	619	0.006385857
352 	2699	620	0.006362118
352 	2029	621	0.0063515
352 	3960	622	0.0063515
352 	4048	623	0.0063515
352 	4163	624	0.0063515
352 	5191	625	0.0063515
352 	3164	626	0.006329057
352 	3369	627	0.006329057
352 	4195	628	0.006306772
352 	1496	629	0.006291947
352 	3921	630	0.006291947
352 	3006	631	0.006290056
352 	1863	632	0.006284643
352 	2896	633	0.006284643
352 	3510	634	0.006284643
352 	3758	635	0.006284643
352 	3981	636	0.006284643
352 	5180	637	0.006251739
352 	255	638	0.006235416
352 	4970	639	0.006223308
352 	2164	640	0.006219178
352 	4127	641	0.006219178
352 	4859	642	0.006219178
352 	624	643	0.006219178
352 	992	644	0.006219178
352 	1223	645	0.00620076
352 	1651	646	0.006188876
352 	3009	647	0.006186954
352 	5178	648	0.006186954
352 	976	649	0.006155062
352 	500	650	0.006133983
352 	2126	651	0.006123498
352 	3410	652	0.006112177
352 	2669	653	0.006092256
352 	3144	654	0.006092256
352 	4112	655	0.006092256
352 	4747	656	0.006092256
352 	842	657	0.006090426
352 	4889	658	0.00606133
352 	4317	659	0.006058926
352 	1481	660	0.006047384
352 	2042	661	0.006030718
352 	2380	662	0.006030718
352 	2459	663	0.006030718
352 	2720	664	0.006030718
352 	3165	665	0.006030718
352 	3973	666	0.006030718
352 	872	667	0.006030718
352 	4017	668	0.006000412
352 	477	669	0.006000412
352 	56	670	0.005980442
352 	2916	671	0.00597041
352 	2936	672	0.00597041
352 	481	673	0.00597041
352 	5156	674	0.00597041
352 	2131	675	0.0059631
352 	3438	676	0.005942395
352 	1148	677	0.005940707
352 	2205	678	0.005940707
352 	1200	679	0.005930871
352 	3868	680	0.005911297
352 	4942	681	0.005911297
352 	5340	682	0.005911297
352 	606	683	0.005911297
352 	4519	684	0.005901413
352 	3109	685	0.005864843
352 	3785	686	0.005860992
352 	1372	687	0.005853344
352 	1695	688	0.005853344
352 	2473	689	0.005853344
352 	256	690	0.005853344
352 	4571	691	0.005853344
352 	5221	692	0.005834277
352 	753	693	0.005824791
352 	1266	694	0.005796515
352 	1664	695	0.005796515
352 	3253	696	0.005796515
352 	5130	697	0.005796515
352 	5295	698	0.005796515
352 	3929	699	0.005762322
352 	1437	700	0.005740779
352 	3739	701	0.005740779
352 	4060	702	0.005740779
352 	4344	703	0.005740779
352 	613	704	0.005740779
352 	3645	705	0.005699878
352 	1098	706	0.005686105
352 	115	707	0.005686105
352 	1587	708	0.005686105
352 	2041	709	0.005686105
352 	2602	710	0.005686105
352 	4103	711	0.005686105
352 	42	712	0.005686105
352 	5069	713	0.005686105
352 	1114	714	0.00566692
352 	2087	715	0.005659157
352 	738	716	0.005659157
352 	2114	717	0.005632463
352 	4723	718	0.005632463
352 	3441	719	0.005611179
352 	2723	720	0.005606019
352 	1964	721	0.005592842
352 	307	722	0.00555387
352 	5278	723	0.005528158
352 	3642	724	0.005502925
352 	1315	725	0.005477441
352 	1691	726	0.005477441
352 	2125	727	0.005477441
352 	3741	728	0.005477441
352 	614	729	0.005477441
352 	4397	730	0.005427646
352 	1934	731	0.005403086
352 	5053	732	0.005378748
352 	853	733	0.005346636
352 	46	734	0.005283549
352 	3437	735	0.005265876
352 	2144	736	0.005237202
352 	2951	737	0.005237202
352 	4919	738	0.005237202
352 	4053	739	0.005217712
352 	4177	740	0.005217712
352 	5248	741	0.005214332
352 	788	742	0.005214332
352 	5342	743	0.005191661
352 	2391	744	0.005146906
352 	5054	745	0.005146906
352 	2032	746	0.005123981
352 	1868	747	0.005102915
352 	2185	748	0.005102915
352 	3100	749	0.005102915
352 	389	750	0.005102915
352 	1370	751	0.005085528
352 	4903	752	0.0050812
352 	3509	753	0.00505967
352 	2645	754	0.005017152
352 	4601	755	0.005017152
352 	3354	756	0.004996159
352 	3891	757	0.004996159
352 	2552	758	0.004975342
352 	3379	759	0.004975342
352 	4734	760	0.004975342
352 	661	761	0.004975342
352 	1492	762	0.004946271
352 	1682	763	0.004934223
352 	1925	764	0.004934223
352 	3017	765	0.004934223
352 	4192	766	0.004934223
352 	808	767	0.004903753
352 	1912	768	0.004893779
352 	2371	769	0.004893779
352 	3887	770	0.004893779
352 	3985	771	0.004893779
352 	4352	772	0.004893779
352 	4776	773	0.004893779
352 	400	774	0.004873804
352 	1596	775	0.004853992
352 	1078	776	0.004849686
352 	601	777	0.00483434
352 	3024	778	0.004814847
352 	3462	779	0.004814847
352 	4251	780	0.004814847
352 	2015	781	0.004776328
352 	2223	782	0.004776328
352 	3276	783	0.004776328
352 	3587	784	0.004776328
352 	3977	785	0.004776328
352 	608	786	0.004776328
352 	3154	787	0.004738421
352 	4835	788	0.004738421
352 	5101	789	0.004738421
352 	537	790	0.004738421
352 	2519	791	0.004727651
352 	4223	792	0.004719692
352 	1482	793	0.004701111
352 	2270	794	0.004701111
352 	2244	795	0.004664383
352 	847	796	0.004664383
352 	5024	797	0.004628225
352 	845	798	0.004628225
352 	4057	799	0.004613918
352 	1885	800	0.004610356
352 	473	801	0.00460443
352 	3159	802	0.004592623
352 	3607	803	0.004592623
352 	4239	804	0.004592623
352 	4856	805	0.004592623
352 	5323	806	0.004575027
352 	1663	807	0.004569192
352 	3606	808	0.004557565
352 	4612	809	0.004557565
352 	5015	810	0.004557565
352 	821	811	0.004557565
352 	2152	812	0.004523038
352 	285	813	0.004523038
352 	2858	814	0.004523038
352 	2970	815	0.004523038
352 	4176	816	0.004523038
352 	4858	817	0.00448903
352 	2028	818	0.004472218
352 	2334	819	0.00446219
352 	2657	820	0.004456796
352 	1230	821	0.00445553
352 	1555	822	0.00445553
352 	165	823	0.00445553
352 	798	824	0.00445553
352 	371	825	0.004438967
352 	4711	826	0.004422526
352 	54	827	0.004422526
352 	4092	828	0.004390008
352 	1118	829	0.004357964
352 	1337	830	0.004357964
352 	1944	831	0.004357964
352 	213	832	0.004357964
352 	3546	833	0.004357964
352 	490	834	0.004357964
352 	5188	835	0.004357964
352 	4104	836	0.004326384
352 	1581	837	0.004310766
352 	1653	838	0.004267855
352 	2260	839	0.004234334
352 	4366	840	0.004234334
352 	632	841	0.004234334
352 	2700	842	0.004204938
352 	5080	843	0.004175112
352 	3446	844	0.004164014
352 	2981	845	0.004160565
352 	458	846	0.004146118
352 	5239	847	0.004117524
352 	1553	848	0.004089322
352 	2843	849	0.004089322
352 	4791	850	0.004075365
352 	4599	851	0.004061504
352 	4888	852	0.004061504
352 	397	853	0.004034061
352 	1218	854	0.004020478
352 	1134	855	0.004006987
352 	1210	856	0.004006987
352 	2286	857	0.004006987
352 	4862	858	0.004006987
352 	55	859	0.003989138
352 	4342	860	0.003980274
352 	5049	861	0.003980274
352 	766	862	0.003980274
352 	3948	863	0.003953914
352 	5357	864	0.003953914
352 	1573	865	0.003927902
352 	4001	866	0.003927902
352 	4640	867	0.003927902
352 	5192	868	0.003915023
352 	252	869	0.003902229
352 	2785	870	0.003902229
352 	520	871	0.003889518
352 	1804	872	0.00387689
352 	932	873	0.003851878
352 	1418	874	0.003835381
352 	2375	875	0.003827186
352 	3361	876	0.003827186
352 	2711	877	0.003802809
352 	1567	878	0.003778741
352 	3951	879	0.003778741
352 	3986	880	0.003778741
352 	1652	881	0.003731507
352 	2196	882	0.003731507
352 	3562	883	0.003708329
352 	4225	884	0.003691135
352 	1314	885	0.003685439
352 	2660	886	0.003685439
352 	273	887	0.003685439
352 	48	888	0.003685439
352 	241	889	0.003664689
352 	2774	890	0.003662828
352 	1575	891	0.003651627
352 	379	892	0.003651627
352 	4199	893	0.003651627
352 	5038	894	0.003640494
352 	1287	895	0.003618431
352 	1926	896	0.003618431
352 	4930	897	0.003618431
352 	78	898	0.003618431
352 	2725	899	0.003575096
352 	3395	900	0.003575096
352 	1353	901	0.003553816
352 	2952	902	0.003553816
352 	199	903	0.003532787
352 	2956	904	0.003532787
352 	188	905	0.003512006
352 	2195	906	0.003491468
352 	4638	907	0.003491468
352 	2722	908	0.00343127
352 	2962	909	0.00343127
352 	377	910	0.00343127
352 	4380	911	0.00343127
352 	584	912	0.00343127
352 	3726	913	0.003422819
352 	4720	914	0.003411663
352 	679	915	0.003411663
352 	4189	916	0.003392279
352 	4480	917	0.003392279
352 	807	918	0.003392279
352 	3724	919	0.003382669
352 	1771	920	0.003354163
352 	4744	921	0.003354163
352 	795	922	0.003335425
352 	1199	923	0.003298569
352 	1519	924	0.003298569
352 	4520	925	0.003289482
352 	2650	926	0.003247457
352 	106	927	0.003244788
352 	3230	928	0.003235995
352 	1538	929	0.003227249
352 	2954	930	0.003209898
352 	3232	931	0.003209898
352 	3186	932	0.003192733
352 	4382	933	0.00317575
352 	2992	934	0.003125869
352 	5337	935	0.003120424
352 	3019	936	0.003109589
352 	4658	937	0.003109589
352 	3692	938	0.003046128
352 	2568	939	0.003030665
352 	1617	940	0.003020444
352 	2460	941	0.003015359
352 	3531	942	0.003000206
352 	1879	943	0.002970353
352 	3236	944	0.002970353
352 	3415	945	0.002970353
352 	2082	946	0.002965436
352 	4383	947	0.002955649
352 	5040	948	0.002955649
352 	2996	949	0.002941089
352 	3063	950	0.002941089
352 	3545	951	0.002941089
352 	4007	952	0.002941089
352 	1882	953	0.002926672
352 	5182	954	0.002912395
352 	1043	955	0.002898257
352 	3458	956	0.002898257
352 	4850	957	0.00287039
352 	2800	958	0.002856656
352 	4016	959	0.002856656
352 	2197	960	0.002843053
352 	3459	961	0.002843053
352 	367	962	0.002829578
352 	2343	963	0.002816231
352 	1982	964	0.002789911
352 	1077	965	0.002776935
352 	994	966	0.002776935
352 	1781	967	0.002764079
352 	2204	968	0.002764079
352 	2985	969	0.002764079
352 	3289	970	0.002764079
352 	1084	971	0.002751341
352 	2521	972	0.002751341
352 	925	973	0.002751341
352 	4076	974	0.00273872
352 	2786	975	0.002726215
352 	4315	976	0.002726215
352 	382	977	0.002707669
352 	3791	978	0.002677314
352 	485	979	0.002677314
352 	2376	980	0.002665362
352 	4531	981	0.002634005
352 	3020	982	0.002630137
352 	1207	983	0.002618601
352 	470	984	0.002612871
352 	2989	985	0.002607166
352 	2469	986	0.002595831
352 	4800	987	0.002584593
352 	865	988	0.002573453
352 	5177	989	0.002567918
352 	4314	990	0.002562408
352 	4374	991	0.002562408
352 	4775	992	0.002551457
352 	1486	993	0.002546017
352 	351	994	0.002533413
352 	381	995	0.002487671
352 	2795	996	0.002456959
352 	2818	997	0.002426996
352 	376	998	0.002426996
352 	4929	999	0.002426996
352 	2576	1000	0.00241717
352 	4582	1001	0.002407424
352 	1673	1002	0.002397755
352 	1432	1003	0.002388164
352 	1715	1004	0.00237865
352 	4513	1005	0.00236921
352 	2790	1006	0.002359846
352 	2447	1007	0.002341337
352 	3417	1008	0.002341337
352 	4654	1009	0.002323117
352 	5079	1010	0.002305178
352 	144	1011	0.002296312
352 	4651	1012	0.002287514
352 	4378	1013	0.002278783
352 	3912	1014	0.002270118
352 	476	1015	0.002270118
352 	1681	1016	0.002261519
352 	2994	1017	0.002261519
352 	3796	1018	0.002261519
352 	5341	1019	0.002261519
352 	1501	1020	0.002244515
352 	420	1021	0.002244515
352 	3433	1022	0.002236109
352 	1539	1023	0.002223617
352 	3166	1024	0.002203103
352 	3643	1025	0.002203103
352 	2118	1026	0.002186964
352 	4790	1027	0.002186964
352 	4013	1028	0.002178982
352 	1880	1029	0.002171058
352 	3918	1030	0.002163192
352 	3273	1031	0.002155383
352 	141	1032	0.00214763
352 	2984	1033	0.00214763
352 	4643	1034	0.00214763
352 	1984	1035	0.002132289
352 	2829	1036	0.002132289
352 	4487	1037	0.002132289
352 	1477	1038	0.002124701
352 	3119	1039	0.002124701
352 	806	1040	0.002109686
352 	1406	1041	0.002087556
352 	4168	1042	0.002087556
352 	628	1043	0.002087556
352 	2539	1044	0.002080282
352 	3932	1045	0.002080282
352 	1487	1046	0.002073059
352 	2522	1047	0.002065886
352 	3908	1048	0.002065886
352 	5036	1049	0.002051687
352 	585	1050	0.002048168
352 	1502	1051	0.002037683
352 	375	1052	0.002037683
352 	5294	1053	0.002037683
352 	3403	1054	0.002030752
352 	2819	1055	0.002017031
352 	3360	1056	0.002010239
352 	1379	1057	0.001996793
352 	805	1058	0.001996793
352 	504	1059	0.001990137
352 	3401	1060	0.001983525
352 	1508	1061	0.001970432
352 	1503	1062	0.001963951
352 	401	1063	0.001960726
352 	1478	1064	0.001932172
352 	1079	1065	0.001919746
352 	1949	1066	0.001919746
352 	4011	1067	0.001919746
352 	4096	1068	0.001913593
352 	4178	1069	0.001907479
352 	1352	1070	0.001895368
352 	1629	1071	0.00188937
352 	3915	1072	0.00188341
352 	4010	1073	0.001880444
352 	1296	1074	0.001859941
352 	139	1075	0.001859941
352 	2915	1076	0.001857048
352 	4890	1077	0.001845567
352 	1500	1078	0.001837049
352 	1598	1079	0.001837049
352 	438	1080	0.001837049
352 	4516	1081	0.001831414
352 	2040	1082	0.001825814
352 	4656	1083	0.001825814
352 	2274	1084	0.001787548
352 	5264	1085	0.001776908
352 	4117	1086	0.001761183
352 	4116	1087	0.001756003
352 	2389	1088	0.001750853
352 	1971	1089	0.001740644
352 	480	1090	0.001740644
352 	1509	1091	0.001735584
352 	1474	1092	0.001730554
352 	2792	1093	0.001710719
352 	482	1094	0.001691334
352 	4384	1095	0.001681806
352 	1958	1096	0.001672384
352 	1307	1097	0.001644741
352 	4458	1098	0.001640223
352 	1699	1099	0.001611447
352 	4088	1100	0.001519188
352 	1773	1101	0.001481491
352 	4089	1102	0.001459758
352 	789	1103	0.001435195
352 	4188	1104	0.001356911
352 	1344	1105	0.001329713
352 	4967	1106	0.001309301
352 	3449	1107	0.001306436
352 	4015	1108	0.0012951
352 	1831	1109	0.001093482
352 	1042	1110	0.00104744
352 	559	1111	9.61419E-4
352 	3187	1112	9.58332E-4
352 	521	1113	9.46182E-4
353 	122	1	0.570740015
353 	558	2	0.345643347
353 	4151	3	0.275529662
353 	4931	4	0.253449634
353 	1769	5	0.218315853
353 	1562	6	0.217966685
353 	4261	7	0.184748213
353 	3206	8	0.175779585
353 	4348	9	0.172821674
353 	3209	10	0.136229178
353 	3129	11	0.123844707
353 	5024	12	0.105604014
353 	4919	13	0.095599423
353 	4349	14	0.084258126
353 	3327	15	0.082563138
353 	1098	16	0.077845245
353 	3478	17	0.073637394
353 	1263	18	0.071699567
353 	4139	19	0.070952697
353 	601	20	0.066184216
353 	348	21	0.064871037
353 	4701	22	0.064871037
353 	846	23	0.064871037
353 	3027	24	0.063362408
353 	5079	25	0.061701623
353 	1943	26	0.059230077
353 	2029	27	0.057969863
353 	547	28	0.056762158
353 	1631	29	0.049537883
353 	825	30	0.048653278
353 	3318	31	0.04579132
353 	3332	32	0.043944896
353 	5001	33	0.043944896
353 	932	34	0.043944896
353 	3706	35	0.041596696
353 	150	36	0.040067405
353 	18	37	0.037841438
353 	2350	38	0.037841438
353 	3320	39	0.036818697
353 	3472	40	0.036818697
353 	4442	41	0.036818697
353 	5196	42	0.036818697
353 	1349	43	0.036327781
353 	5253	44	0.036327781
353 	2140	45	0.035849784
353 	1627	46	0.034930558
353 	597	47	0.034057295
353 	1083	48	0.031317052
353 	1323	49	0.030273151
353 	5076	50	0.029940479
353 	1520	51	0.029296597
353 	1196	52	0.02808849
353 	702	53	0.02808849
353 	943	54	0.02808849
353 	3816	55	0.027245836
353 	606	56	0.026976075
353 	4902	57	0.026711604
353 	4004	58	0.024768941
353 	4174	59	0.024545798
353 	4341	60	0.024545798
353 	870	61	0.024111359
353 	1611	62	0.023692031
353 	4009	63	0.023487789
353 	2630	64	0.02251722
353 	5167	65	0.022332652
353 	3067	66	0.021972448
353 	1124	67	0.021623679
353 	3623	68	0.021120803
353 	1355	69	0.017028647
353 	4318	70	0.016922879
353 	4963	71	0.016217759
353 	4165	72	0.015052948
353 	2789	73	0.014648299
353 	4515	74	0.014190539
353 	1957	75	0.013900937
353 	5042	76	0.013521507
353 	4383	77	0.013488037
353 	753	78	0.013290652
353 	4467	79	0.013226134
353 	1254	80	0.012791472
353 	3363	81	0.012384471
353 	3699	82	0.012055679
353 	3356	83	0.011693492
353 	3640	84	0.01144783
353 	4929	85	0.011075543
353 	265	86	0.010560401
353 	2994	87	0.010320392
353 	4176	88	0.010320392
353 	5341	89	0.010320392
353 	2787	90	0.010281447
353 	467	91	0.010281447
353 	4184	92	0.009644544
353 	1301	93	0.009593604
353 	1720	94	0.009493323
353 	2446	95	0.009493323
353 	3408	96	0.00946036
353 	383	97	0.009081945
353 	3925	98	0.0090218
353 	3411	99	0.008992025
353 	1006	100	0.008903868
353 	3927	101	0.008874865
353 	478	102	0.00870474
353 	1296	103	0.008487799
353 	1494	104	0.008409209
353 	2456	105	0.007966619
353 	2793	106	0.007653325
353 	4194	107	0.007589369
353 	1109	108	0.007568288
353 	1307	109	0.00750574
353 	4840	110	0.007363739
353 	496	111	0.007169957
353 	4088	112	0.006932783
353 	493	113	0.006410785
353 	4188	114	0.006192235
353 	382	115	0.006178194
353 	1207	116	0.005974964
353 	855	117	0.005935912
353 	1486	118	0.005809347
353 	821	119	0.005199587
353 	3366	120	0.00490916
353 	5337	121	0.004746661
353 	1617	122	0.004594576
353 	2082	123	0.0045109
353 	521	124	0.004317882
353 	2915	125	0.004237299
354 	4804	1	0.278785942
354 	3514	2	0.247105721
354 	885	3	0.244879544
354 	1588	4	0.241614483
354 	4783	5	0.241614483
354 	1288	6	0.164737148
354 	1702	7	0.164737148
354 	2786	8	0.132391498
354 	1900	9	0.12943633
354 	115	10	0.103549064
354 	3494	11	0.101756816
354 	2977	12	0.088395543
354 	2646	13	0.076434604
354 	4272	14	0.072895965
354 	5245	15	0.071766678
354 	4603	16	0.065606368
354 	4344	17	0.063083047
354 	4757	18	0.059642153
354 	1374	19	0.049309078
354 	5214	20	0.048975909
354 	5207	21	0.046464324
354 	2216	22	0.045302716
354 	3364	23	0.043665268
354 	4125	24	0.042326689
354 	4312	25	0.03897408
354 	195	26	0.038970078
354 	3249	27	0.038591981
354 	3537	28	0.038591981
354 	2300	29	0.037489353
354 	5046	30	0.037363064
354 	1668	31	0.036981809
354 	477	32	0.036424294
354 	3661	33	0.036242172
354 	1312	34	0.035948695
354 	2618	35	0.035502682
354 	2299	36	0.035186575
354 	1949	37	0.034960295
354 	5054	38	0.033934329
354 	1710	39	0.033644292
354 	1085	40	0.032650606
354 	4571	41	0.032159985
354 	2256	42	0.032003107
354 	4065	43	0.031791379
354 	989	44	0.031241128
354 	1869	45	0.03051459
354 	1568	46	0.029952209
354 	4592	47	0.029821077
354 	3516	48	0.028524508
354 	4653	49	0.027917604
354 	3144	50	0.02677811
354 	1523	51	0.026507624
354 	3894	52	0.02645414
354 	1793	53	0.026262444
354 	693	54	0.025931371
354 	3658	55	0.025478201
354 	2689	56	0.024992902
354 	1316	57	0.024913811
354 	4878	58	0.02475712
354 	1999	59	0.024525745
354 	4021	60	0.024298655
354 	5093	61	0.024298655
354 	3104	62	0.024075732
354 	4277	63	0.023382047
354 	1899	64	0.023019778
354 	2753	65	0.023019778
354 	4740	66	0.023019778
354 	4909	67	0.022622886
354 	1436	68	0.022525792
354 	2436	69	0.022336401
354 	391	70	0.022052561
354 	418	71	0.022031716
354 	710	72	0.021868789
354 	1956	73	0.021318925
354 	318	74	0.021163345
354 	4649	75	0.021163345
354 	501	76	0.021005722
354 	2845	77	0.020827419
354 	5101	78	0.020827419
354 	1585	79	0.020709813
354 	2163	80	0.020709813
354 	611	81	0.0200233
354 	743	82	0.019913282
354 	2994	83	0.019880718
354 	2644	84	0.019511188
354 	460	85	0.019485039
354 	3627	86	0.019295991
354 	2370	87	0.019277751
354 	503	88	0.019277751
354 	3371	89	0.019016339
354 	3013	90	0.018906734
354 	5190	91	0.018778328
354 	4755	92	0.018744677
354 	4045	93	0.018480667
354 	1990	94	0.018223991
354 	3255	95	0.018223991
354 	3896	96	0.018030932
354 	1513	97	0.017974348
354 	1556	98	0.017974348
354 	3802	99	0.017974348
354 	198	100	0.017553543
354 	3619	101	0.017495032
354 	3948	102	0.01737917
354 	764	103	0.017264834
354 	1587	104	0.017258177
354 	2219	105	0.016714998
354 	471	106	0.016620689
354 	5045	107	0.016609207
354 	4290	108	0.016401592
354 	3407	109	0.016249255
354 	3641	110	0.016199103
354 	3660	111	0.016199103
354 	660	112	0.016199103
354 	1445	113	0.016001553
354 	336	114	0.016001553
354 	4582	115	0.015872508
354 	251	116	0.015620564
354 	540	117	0.01555458
354 	2116	118	0.015346519
354 	2856	119	0.015257295
354 	2510	120	0.015081924
354 	2648	121	0.015081924
354 	3852	122	0.015081924
354 	2812	123	0.014914474
354 	1621	124	0.014743004
354 	1297	125	0.014687993
354 	1528	126	0.014613779
354 	220	127	0.014579193
354 	4680	128	0.014579193
354 	1475	129	0.014496869
354 	4907	130	0.014418982
354 	2712	131	0.014262254
354 	2848	132	0.014262254
354 	2983	133	0.014262254
354 	4991	134	0.014262254
354 	1520	135	0.014108896
354 	310	136	0.014108896
354 	862	137	0.014008477
354 	5302	138	0.013958802
354 	1958	139	0.013827296
354 	4143	140	0.013811867
354 	4200	141	0.013811867
354 	2971	142	0.013780294
354 	4859	143	0.013667993
354 	5178	144	0.013597175
354 	1967	145	0.013457717
354 	2622	146	0.013253812
354 	872	147	0.013253812
354 	2486	148	0.013121274
354 	1653	149	0.013088552
354 	433	150	0.013055994
354 	1195	151	0.012863994
354 	1197	152	0.012863994
354 	3860	153	0.012863994
354 	4131	154	0.012863994
354 	3007	155	0.012739101
354 	3576	156	0.012739101
354 	4623	157	0.012739101
354 	627	158	0.012739101
354 	2716	159	0.012672088
354 	1792	160	0.012627935
354 	2997	161	0.012616609
354 	4754	162	0.012616609
354 	42	163	0.012496451
354 	1308	164	0.012411703
354 	2114	165	0.01237856
354 	4833	166	0.01237856
354 	1281	167	0.012262873
354 	1408	168	0.012262873
354 	1592	169	0.012262873
354 	2980	170	0.012161803
354 	615	171	0.012149327
354 	1884	172	0.012121128
354 	2995	173	0.012037866
354 	4076	174	0.012037866
354 	354	175	0.011961113
354 	1423	176	0.011928431
354 	3010	177	0.011928431
354 	47	178	0.011928431
354 	1303	179	0.011882679
354 	1022	180	0.011820967
354 	1253	181	0.011820967
354 	1696	182	0.011715423
354 	2161	183	0.011715423
354 	5331	184	0.011663354
354 	1765	185	0.011611747
354 	3015	186	0.011611747
354 	2031	187	0.011509889
354 	2989	188	0.011459628
354 	1283	189	0.011409803
354 	3756	190	0.011409803
354 	221	191	0.011311443
354 	1296	192	0.011290396
354 	2754	193	0.011214764
354 	3436	194	0.011119723
354 	3663	195	0.011119723
354 	1575	196	0.011083233
354 	379	197	0.011083233
354 	3300	198	0.01102628
354 	4419	199	0.01102628
354 	4448	200	0.01102628
354 	2107	201	0.010934395
354 	3578	202	0.010934395
354 	3806	203	0.010934395
354 	661	204	0.010934395
354 	1154	205	0.010844028
354 	2014	206	0.010844028
354 	4726	207	0.010844028
354 	3714	208	0.010755142
354 	3887	209	0.010755142
354 	4235	210	0.010755142
354 	4776	211	0.010755142
354 	392	212	0.010667702
354 	526	213	0.010667702
354 	4506	214	0.010581672
354 	1474	215	0.010504978
354 	1386	216	0.010497019
354 	1432	217	0.010497019
354 	608	218	0.010497019
354 	1715	219	0.010455198
354 	1633	220	0.010413709
354 	697	221	0.010413709
354 	2270	222	0.010331712
354 	357	223	0.010331712
354 	4972	224	0.010331712
354 	594	225	0.01017153
354 	678	226	0.01017153
354 	4655	227	0.010093287
354 	5323	228	0.010054616
354 	2600	229	0.010016239
354 	4612	230	0.010016239
354 	1199	231	0.01001165
354 	2152	232	0.009940359
354 	2970	233	0.009940359
354 	863	234	0.009940359
354 	1544	235	0.009865619
354 	1369	236	0.009791995
354 	2987	237	0.009791995
354 	2118	238	0.009612655
354 	213	239	0.009577572
354 	4629	240	0.009577572
354 	810	241	0.009577572
354 	1440	242	0.009508169
354 	3251	243	0.009508169
354 	4650	244	0.009508169
354 	4906	245	0.009508169
354 	3273	246	0.009473844
354 	4643	247	0.009439765
354 	5111	248	0.009439765
354 	2110	249	0.009372338
354 	2458	250	0.009372338
354 	3535	251	0.009372338
354 	4488	252	0.009372338
354 	1406	253	0.009175716
354 	1865	254	0.009175716
354 	4204	255	0.009175716
354 	628	256	0.009175716
354 	3484	257	0.009111996
354 	2620	258	0.009015466
354 	35	259	0.008987174
354 	890	260	0.008987174
354 	4561	261	0.008970835
354 	4207	262	0.008926037
354 	3018	263	0.008835875
354 	1210	264	0.008806224
354 	1619	265	0.008806224
354 	4240	266	0.008806224
354 	591	267	0.008806224
354 	892	268	0.008806224
354 	4830	269	0.008747516
354 	3461	270	0.008689585
354 	4675	271	0.008632417
354 	252	272	0.008575996
354 	779	273	0.008465338
354 	2688	274	0.008357499
354 	4026	275	0.008252373
354 	4288	276	0.008252373
354 	5336	277	0.008252373
354 	1595	278	0.008226504
354 	4647	279	0.008149859
354 	273	280	0.008099552
354 	438	281	0.00807463
354 	3266	282	0.008000777
354 	4579	283	0.008000777
354 	4499	284	0.007952287
354 	2032	285	0.00785705
354 	4043	286	0.007810282
354 	199	287	0.007764067
354 	4024	288	0.007764067
354 	4787	289	0.007764067
354 	2195	290	0.007673259
354 	3580	291	0.007673259
354 	1541	292	0.007628647
354 	262	293	0.007540962
354 	2962	294	0.007540962
354 	393	295	0.007497871
354 	679	296	0.007497871
354 	823	297	0.007497871
354 	1319	298	0.007413149
354 	3450	299	0.007371502
354 	2384	300	0.00733032
354 	1013	301	0.007289596
354 	125	302	0.007289596
354 	2986	303	0.007289596
354 	1951	304	0.007249322
354 	4000	305	0.007249322
354 	2535	306	0.007209491
354 	5120	307	0.007209491
354 	4968	308	0.007189739
354 	2999	309	0.007170095
354 	1507	310	0.007016724
354 	3404	311	0.006979401
354 	2992	312	0.006869777
354 	3004	313	0.006869777
354 	1726	314	0.006798587
354 	3009	315	0.006798587
354 	4213	316	0.006798587
354 	4842	317	0.006694527
354 	2568	318	0.006660545
354 	4889	319	0.006660545
354 	5329	320	0.006660545
354 	1532	321	0.006560637
354 	1148	322	0.006527997
354 	4014	323	0.00649568
354 	1407	324	0.006463682
354 	1993	325	0.006431997
354 	154	326	0.006400621
354 	4904	327	0.006400621
354 	5182	328	0.006400621
354 	753	329	0.006400621
354 	272	330	0.00633878
354 	1437	331	0.006308305
354 	3008	332	0.006308305
354 	690	333	0.006248226
354 	1254	334	0.006160222
354 	4814	335	0.006160222
354 	1982	336	0.006131436
354 	2209	337	0.006131436
354 	1892	338	0.006074664
354 	3304	339	0.006074664
354 	2521	340	0.00604667
354 	4315	341	0.005991449
354 	4574	342	0.005937228
354 	2587	343	0.005857711
354 	4087	344	0.005845512
354 	3699	345	0.005805873
354 	2174	346	0.005780297
354 	5179	347	0.005780297
354 	1950	348	0.005729814
354 	2469	349	0.005704902
354 	4420	350	0.005704902
354 	865	351	0.005655721
354 	2452	352	0.005583521
354 	3287	353	0.005583521
354 	3221	354	0.005559862
354 	3939	355	0.005536402
354 	4025	356	0.005422014
354 	2835	357	0.005333851
354 	376	358	0.005333851
354 	4219	359	0.005312257
354 	601	360	0.005312257
354 	936	361	0.005312257
354 	1226	362	0.005290836
354 	3023	363	0.005290836
354 	3983	364	0.005165856
354 	3417	365	0.005145598
354 	1885	366	0.005066129
354 	902	367	0.005066129
354 	4651	368	0.005027308
354 	4103	369	0.00499858
354 	1681	370	0.004970179
354 	1780	371	0.004970179
354 	467	372	0.004951424
354 	4792	373	0.004895998
354 	802	374	0.004806327
354 	3918	375	0.004754085
354 	1259	376	0.004702965
354 	5185	377	0.004686169
354 	2691	378	0.004669492
354 	1534	379	0.004620167
354 	2427	380	0.004587858
354 	1720	381	0.004571872
354 	1953	382	0.004571872
354 	3396	383	0.004540233
354 	5036	384	0.004509029
354 	328	385	0.004493587
354 	2698	386	0.00447825
354 	131	387	0.004432863
354 	465	388	0.004432863
354 	2053	389	0.004359227
354 	2457	390	0.004316208
354 	4640	391	0.004316208
354 	186	392	0.004302057
354 	137	393	0.004274031
354 	520	394	0.004274031
354 	756	395	0.004260154
354 	380	396	0.004205536
354 	1981	397	0.0041921
354 	2894	398	0.00417875
354 	3951	399	0.004152302
354 	1063	400	0.004139203
354 	487	401	0.004139203
354 	1295	402	0.004126187
354 	4376	403	0.004126187
354 	4018	404	0.004100398
354 	3448	405	0.00407493
354 	3907	406	0.004037315
354 	138	407	0.004012622
354 	513	408	0.004012622
354 	1367	409	0.003916798
354 	188	410	0.003859198
354 	4116	411	0.003859198
354 	5237	412	0.003859198
354 	1971	413	0.003825444
354 	5186	414	0.003825444
354 	2450	415	0.003814324
354 	2694	416	0.003717075
354 	3724	417	0.003717075
354 	3412	418	0.003706574
354 	1307	419	0.003614676
354 	1338	420	0.003614676
354 	3006	421	0.003575279
354 	4901	422	0.00354629
354 	4479	423	0.003527224
354 	1979	424	0.0034897
354 	2892	425	0.003480444
354 	255	426	0.00342592
354 	2657	427	0.003416998
354 	5232	428	0.003416998
354 	1879	429	0.003263998
354 	2374	430	0.00324784
354 	2700	431	0.0032239
354 	3446	432	0.003192524
354 	382	433	0.002975346
354 	4967	434	0.002877472
354 	855	435	0.002858665
354 	1418	436	0.002809695
354 	626	437	0.002699851
354 	2561	438	0.002629514
354 	3109	439	0.002577853
354 	1070	440	0.002542882
354 	821	441	0.00250406
354 	2650	442	0.002489805
354 	141	443	0.002359941
354 	1617	444	0.002212694
354 	2082	445	0.002172396
354 	2723	446	0.002053407
359	1897	1	0.181279263
359	391	2	0.146194507
359	4650	3	0.14424755
359	515	4	0.116469254
359	2712	5	0.113430926
359	1412	6	0.108704637
359	1517	7	0.102156165
359	2520	8	0.100342742
359	4652	9	0.085883946
359	5244	10	0.079676698
359	2452	11	0.078731109
359	4645	12	0.076805848
359	4648	13	0.074116798
359	2342	14	0.069175678
359	4647	15	0.068868776
359	4641	16	0.065955622
359	2983	17	0.063804896
359	3000	18	0.063393398
359	594	19	0.06320037
359	4642	20	0.062364413
359	3283	21	0.062116935
359	4646	22	0.061386148
359	4679	23	0.057818158
359	3979	24	0.054924448
359	4644	25	0.054860284
359	4656	26	0.053853673
359	5121	27	0.051816547
359	1899	28	0.05149167
359	1282	29	0.050689892
359	2480	30	0.050689892
359	5150	31	0.050171371
359	3149	32	0.05006235
359	2637	33	0.050029769
359	2711	34	0.049851808
359	3242	35	0.048905505
359	2009	36	0.048688975
359	4206	37	0.048570157
359	3260	38	0.047339116
359	99	39	0.046587702
359	428	40	0.046254527
359	4655	41	0.045154234
359	4653	42	0.04510086
359	4640	43	0.045055211
359	4654	44	0.043143475
359	4649	45	0.042079214
359	2998	46	0.041193336
359	1719	47	0.041115135
359	2982	48	0.039995102
359	5086	49	0.03978884
359	4095	50	0.039022177
359	4264	51	0.038648371
359	2288	52	0.038366342
359	4589	53	0.037920222
359	2672	54	0.036819313
359	2063	55	0.036637249
359	61	56	0.036234879
359	934	57	0.035676967
359	2913	58	0.035632531
359	4651	59	0.0349854
359	3276	60	0.03482072
359	5201	61	0.034785484
359	2596	62	0.034631566
359	1446	63	0.03432778
359	2424	64	0.033735922
359	4583	65	0.033735922
359	679	66	0.033543145
359	4685	67	0.033447581
359	4643	68	0.032846005
359	1059	69	0.032611391
359	4202	70	0.032611391
359	165	71	0.032482015
359	1521	72	0.031559411
359	5064	73	0.031058468
359	3404	74	0.030090668
359	1288	75	0.029646719
359	1702	76	0.029646719
359	3248	77	0.029646719
359	4322	78	0.029646719
359	2046	79	0.029117313
359	3330	80	0.028987903
359	4784	81	0.028583689
359	4368	82	0.028247039
359	680	83	0.028247039
359	1230	84	0.027614643
359	2469	85	0.027431624
359	4508	86	0.027176159
359	5157	87	0.027176159
359	4787	88	0.027015354
359	3546	89	0.027009943
359	392	90	0.026513326
359	331	91	0.026089113
359	4865	92	0.025876658
359	1096	93	0.025830805
359	1628	94	0.025696959
359	1910	95	0.024458543
359	2584	96	0.024156586
359	762	97	0.024156586
359	4987	98	0.023915329
359	4870	99	0.023717375
359	3986	100	0.023420013
359	2175	101	0.023293851
359	2871	102	0.023293851
359	2988	103	0.023293851
359	4270	104	0.023293851
359	2222	105	0.023019805
359	952	106	0.022885187
359	3534	107	0.022490615
359	4419	108	0.021923624
359	2025	109	0.021740927
359	2826	110	0.021740927
359	2209	111	0.021334555
359	106	112	0.021268299
359	2684	113	0.021268299
359	204	114	0.021039607
359	3137	115	0.021039607
359	1279	116	0.020906001
359	5039	117	0.020596668
359	1645	118	0.020542609
359	2992	119	0.020488832
359	1294	120	0.020382119
359	3102	121	0.020382119
359	3743	122	0.020068548
359	1861	123	0.019966158
359	735	124	0.019966158
359	5061	125	0.019764479
359	4588	126	0.019469487
359	4024	127	0.019296681
359	3019	128	0.019272719
359	2248	129	0.019183171
359	3378	130	0.019183171
359	3805	131	0.019183171
359	1019	132	0.019043148
359	1881	133	0.018996927
359	2459	134	0.018688698
359	3496	135	0.018688698
359	4596	136	0.018635081
359	2087	137	0.018546763
359	3406	138	0.018426859
359	3645	139	0.018273393
359	1909	140	0.01811744
359	4467	141	0.017962923
359	1312	142	0.017869255
359	1556	143	0.017869255
359	5214	144	0.017627779
359	601	145	0.017621822
359	2100	146	0.017537261
359	4862	147	0.017509472
359	2396	148	0.017392742
359	5129	149	0.017392742
359	3258	150	0.017315783
359	870	151	0.017315783
359	2994	152	0.01729392
359	1972	153	0.017291412
359	4608	154	0.01716389
359	252	155	0.017051708
359	2119	156	0.016896631
359	5018	157	0.016831686
359	1414	158	0.01672379
359	2754	159	0.01672379
359	2990	160	0.01672379
359	965	161	0.01672379
359	1866	162	0.016512097
359	5118	163	0.016512097
359	1222	164	0.016305696
359	3209	165	0.016305696
359	2762	166	0.016170938
359	1317	167	0.016005591
359	1445	168	0.015907996
359	376	169	0.015907996
359	4538	170	0.015907996
359	514	171	0.015907996
359	630	172	0.015907996
359	713	173	0.015907996
359	4271	174	0.015679501
359	3257	175	0.015529234
359	407	176	0.015529234
359	4627	177	0.015529234
359	5309	178	0.015529234
359	697	179	0.015529234
359	1693	180	0.015346537
359	3311	181	0.015346537
359	511	182	0.015290753
359	1180	183	0.015168089
359	152	184	0.015168089
359	2488	185	0.015168089
359	3027	186	0.015168089
359	3523	187	0.015168089
359	685	188	0.015168089
359	5168	189	0.015051411
359	1150	190	0.01482336
359	1179	191	0.01482336
359	1731	192	0.01482336
359	4474	193	0.014742479
359	938	194	0.014656805
359	4972	195	0.014568355
359	198	196	0.014557157
359	220	197	0.014493952
359	4098	198	0.014493952
359	5161	199	0.014493952
359	1242	200	0.014240782
359	1701	201	0.014178866
359	2773	202	0.014178866
359	3084	203	0.014178866
359	4162	204	0.014178866
359	452	205	0.014178866
359	918	206	0.014178866
359	3275	207	0.014026405
359	5324	208	0.014026405
359	4176	209	0.014016523
359	250	210	0.01397631
359	1125	211	0.013877188
359	128	212	0.013877188
359	1463	213	0.013877188
359	1942	214	0.013877188
359	2194	215	0.013877188
359	2978	216	0.013877188
359	3281	217	0.013877188
359	3380	218	0.013877188
359	3498	219	0.013877188
359	3559	220	0.013877188
359	3774	221	0.013877188
359	4373	222	0.013877188
359	4486	223	0.013877188
359	4595	224	0.013877188
359	4639	225	0.013877188
359	4727	226	0.013877188
359	4883	227	0.013877188
359	5099	228	0.013877188
359	674	229	0.013877188
359	719	230	0.013877188
359	665	231	0.013859034
359	3043	232	0.013731112
359	4200	233	0.013731112
359	5240	234	0.013731112
359	5284	235	0.013731112
359	3914	236	0.013654473
359	1848	237	0.01358808
359	2437	238	0.01358808
359	5300	239	0.013494369
359	5162	240	0.013447996
359	4207	241	0.013310772
359	4980	242	0.013310772
359	2829	243	0.013215579
359	1147	244	0.01317632
359	696	245	0.01317632
359	3013	246	0.013157334
359	4896	247	0.013132104
359	2850	248	0.013044556
359	3618	249	0.013044556
359	1309	250	0.013031706
359	2032	251	0.013031706
359	533	252	0.012958169
359	3868	253	0.012915402
359	2421	254	0.012788781
359	4108	255	0.012788781
359	4355	256	0.012672473
359	2026	257	0.012664618
359	942	258	0.012664618
359	1474	259	0.012616203
359	1055	260	0.012542843
359	1572	261	0.012542843
359	190	262	0.012542843
359	3184	263	0.012542843
359	1587	264	0.012423387
359	2689	265	0.012423387
359	1027	266	0.012306185
359	1700	267	0.012229272
359	4789	268	0.012229272
359	508	269	0.012191174
359	5110	270	0.012191174
359	1048	271	0.012153313
359	2465	272	0.012134471
359	2985	273	0.012078293
359	3229	274	0.012078293
359	2521	275	0.012022633
359	2774	276	0.012004193
359	1839	277	0.011967483
359	534	278	0.011967483
359	1712	279	0.011858688
359	4895	280	0.011858688
359	1461	281	0.011751853
359	2211	282	0.011751853
359	5274	283	0.011751853
359	2984	284	0.011730716
359	2287	285	0.011646925
359	2414	286	0.011646925
359	4339	287	0.011646925
359	5030	288	0.011646925
359	5122	289	0.011646925
359	595	290	0.011578009
359	2533	291	0.011543855
359	201	292	0.011509903
359	4786	293	0.011493001
359	4848	294	0.011442593
359	4849	295	0.011442593
359	1963	296	0.011420871
359	138	297	0.011316092
359	314	298	0.011310309
359	2816	299	0.011245307
359	436	300	0.011245307
359	5200	301	0.011245307
359	830	302	0.01111752
359	4396	303	0.011054709
359	4973	304	0.011054709
359	5299	305	0.011054709
359	3939	306	0.011008065
359	4860	307	0.010870464
359	3563	308	0.010780625
359	4504	309	0.010780625
359	2374	310	0.010773737
359	1803	311	0.010692259
359	1994	312	0.010692259
359	3307	313	0.010692259
359	1699	314	0.010562394
359	1601	315	0.010519804
359	1688	316	0.010435645
359	604	317	0.010435645
359	2892	318	0.010380284
359	1729	319	0.010352823
359	3044	320	0.010352823
359	3830	321	0.010352823
359	1629	322	0.01032006
359	3012	323	0.01019106
359	3420	324	0.01019106
359	435	325	0.01019106
359	3312	326	0.010138256
359	4213	327	0.010138256
359	5190	328	0.010138256
359	899	329	0.010034274
359	4840	330	0.010000979
359	1584	331	0.009957677
359	2772	332	0.00988224
359	4938	333	0.00988224
359	5020	334	0.00988224
359	2916	335	0.009783417
359	324	336	0.009734744
359	3630	337	0.009734744
359	3890	338	0.009734744
359	576	339	0.009734744
359	1842	340	0.009591586
359	4904	341	0.009544797
359	5186	342	0.009507694
359	3038	343	0.009452577
359	1827	344	0.009407132
359	22	345	0.00931754
359	1056	346	0.009186307
359	2230	347	0.009186307
359	1245	348	0.00905872
359	1614	349	0.00905872
359	3293	350	0.009016975
359	35	351	0.008934628
359	725	352	0.008934628
359	3183	353	0.008813889
359	4442	354	0.008813889
359	5196	355	0.008813889
359	3742	356	0.008696371
359	4928	357	0.008696371
359	5253	358	0.008696371
359	1026	359	0.008581945
359	3109	360	0.008551257
359	2627	361	0.008544469
359	142	362	0.008470491
359	2589	363	0.008470491
359	3014	364	0.008470491
359	3347	365	0.008470491
359	790	366	0.008470491
359	2615	367	0.008415843
359	5158	368	0.008415843
359	4785	369	0.008361895
359	4935	370	0.008361895
359	270	371	0.008256048
359	799	372	0.008256048
359	3046	373	0.008152848
359	4450	374	0.008152848
359	5068	375	0.008152848
359	2165	376	0.008052195
359	2923	377	0.008052195
359	298	378	0.008052195
359	3591	379	0.008052195
359	531	380	0.008052195
359	1635	381	0.007953998
359	4027	382	0.007953998
359	4929	383	0.007953998
359	936	384	0.007921795
359	1673	385	0.007858167
359	33	386	0.007858167
359	3323	387	0.007858167
359	2454	388	0.007834568
359	693	389	0.007733927
359	765	390	0.007718672
359	2844	391	0.007673268
359	2864	392	0.007673268
359	3633	393	0.007673268
359	4137	394	0.007673268
359	4774	395	0.007673268
359	20	396	0.007584044
359	315	397	0.007584044
359	3499	398	0.007584044
359	5269	399	0.007584044
359	4334	400	0.007496872
359	1107	401	0.007454032
359	1462	402	0.007454032
359	5296	403	0.007439861
359	603	404	0.00741168
359	1194	405	0.007328402
359	1265	406	0.007328402
359	3440	407	0.007328402
359	4551	408	0.007328402
359	5339	409	0.007328402
359	4792	410	0.007301058
359	2644	411	0.007273916
359	1511	412	0.007246976
359	2419	413	0.007246976
359	4432	414	0.007246976
359	4680	415	0.007246976
359	640	416	0.007246976
359	3895	417	0.007220234
359	1836	418	0.007167339
359	3077	419	0.007167339
359	4699	420	0.007167339
359	4907	421	0.007167339
359	5119	422	0.007167339
359	5120	423	0.007167339
359	755	424	0.007167339
359	4013	425	0.007141181
359	1105	426	0.007089433
359	2341	427	0.007089433
359	2671	428	0.007089433
359	2848	429	0.007089433
359	4836	430	0.007089433
359	326	431	0.007013202
359	1647	432	0.006938594
359	2298	433	0.006938594
359	2406	434	0.006938594
359	3900	435	0.006938594
359	396	436	0.006938594
359	4121	437	0.006938594
359	550	438	0.006938594
359	635	439	0.006865556
359	1953	440	0.006817712
359	1459	441	0.00679404
359	2940	442	0.006747184
359	3781	443	0.006747184
359	27	444	0.006723998
359	3001	445	0.006723998
359	3071	446	0.006723998
359	976	447	0.006723998
359	3701	448	0.006689516
359	829	449	0.006655386
359	4889	450	0.006621602
359	1384	451	0.00658816
359	2677	452	0.00658816
359	4921	453	0.00658816
359	903	454	0.00658816
359	2980	455	0.006566052
359	1495	456	0.006555053
359	2486	457	0.006522278
359	2736	458	0.006522278
359	3551	459	0.006522278
359	3670	460	0.006522278
359	564	461	0.006522278
359	2569	462	0.006489829
359	2717	463	0.006457701
359	3709	464	0.006457701
359	2555	465	0.006436459
359	1195	466	0.00639439
359	4433	467	0.00639439
359	4863	468	0.00639439
359	4902	469	0.00639439
359	687	470	0.00639439
359	1664	471	0.006332309
359	2299	472	0.006332309
359	3576	473	0.006332309
359	3711	474	0.006332309
359	4051	475	0.006332309
359	5172	476	0.006332309
359	5295	477	0.006332309
359	2503	478	0.006271421
359	2997	479	0.006271421
359	4060	480	0.006271421
359	548	481	0.006271421
359	821	482	0.006223548
359	2197	483	0.006211694
359	226	484	0.006211694
359	2602	485	0.006211694
359	1564	486	0.006153093
359	2343	487	0.006153093
359	1389	488	0.006095587
359	1408	489	0.006095587
359	1592	490	0.006095587
359	4253	491	0.006095587
359	4702	492	0.006095587
359	664	493	0.006095587
359	197	494	0.006039147
359	3289	495	0.006039147
359	1691	496	0.005983741
359	2102	497	0.005983741
359	2995	498	0.005983741
359	4459	499	0.005983741
359	4875	500	0.005983741
359	1191	501	0.005929344
359	1302	502	0.005893625
359	957	503	0.005875926
359	1696	504	0.005823463
359	1830	505	0.005823463
359	2514	506	0.005823463
359	4140	507	0.005823463
359	4226	508	0.005823463
359	4224	509	0.005771928
359	4531	510	0.005754951
359	2174	511	0.005746501
359	3783	512	0.005746501
359	2054	513	0.005721297
359	3181	514	0.005721297
359	36	515	0.005721297
359	2989	516	0.005696313
359	2683	517	0.005671546
359	92	518	0.005671546
359	148	519	0.005622654
359	2055	520	0.005622654
359	282	521	0.005622654
359	3026	522	0.005622654
359	3141	523	0.005622654
359	4009	524	0.005622654
359	5359	525	0.005622654
359	1868	526	0.005574597
359	210	527	0.005574597
359	2185	528	0.005574597
359	2466	529	0.005574597
359	3629	530	0.005574597
359	4353	531	0.005574597
359	4552	532	0.005574597
359	930	533	0.005574597
359	2854	534	0.005527354
359	3571	535	0.005527354
359	3663	536	0.005527354
359	1529	537	0.005504032
359	2115	538	0.005480906
359	2922	539	0.005435232
359	3578	540	0.005435232
359	3768	541	0.005435232
359	1029	542	0.005390313
359	1154	543	0.005390313
359	1682	544	0.005390313
359	2911	545	0.005390313
359	4437	546	0.005390313
359	912	547	0.005390313
359	1499	548	0.005360777
359	39	549	0.00534613
359	530	550	0.00534613
359	3494	551	0.005324309
359	3230	552	0.005302665
359	3585	553	0.005302665
359	2027	554	0.005259902
359	2297	555	0.005259902
359	2595	556	0.005259902
359	3024	557	0.005259902
359	3462	558	0.005259902
359	4251	559	0.005259902
359	4665	560	0.005259902
359	4981	561	0.005259902
359	2223	562	0.005217823
359	3491	563	0.005217823
359	5035	564	0.005217823
359	1124	565	0.005176411
359	157	566	0.005176411
359	1985	567	0.005176411
359	3154	568	0.005176411
359	34	569	0.005176411
359	187	570	0.005135652
359	2181	571	0.005135652
359	4391	572	0.005135652
359	2693	573	0.005115512
359	3417	574	0.005115512
359	1639	575	0.00509553
359	3672	576	0.00509553
359	461	577	0.00509553
359	5137	578	0.00509553
359	2017	579	0.005075703
359	512	580	0.005075703
359	2438	581	0.00505603
359	3256	582	0.00505603
359	3623	583	0.00505603
359	845	584	0.00505603
359	1546	585	0.005017137
359	1763	586	0.005017137
359	5323	587	0.004997914
359	3327	588	0.00494112
359	2696	589	0.004903969
359	5206	590	0.004903969
359	844	591	0.004903969
359	2842	592	0.004885602
359	143	593	0.004867372
359	2987	594	0.004867372
359	1539	595	0.004858308
359	1815	596	0.004831317
359	2064	597	0.004831317
359	4092	598	0.004795793
359	1831	599	0.004778226
359	1623	600	0.004760787
359	3094	601	0.004760787
359	810	602	0.004760787
359	5317	603	0.004743475
359	1642	604	0.004726289
359	3833	605	0.004726289
359	5111	606	0.004692286
359	1965	607	0.004675468
359	1122	608	0.00465877
359	2420	609	0.00465877
359	5185	610	0.00465877
359	3345	611	0.004593154
359	4614	612	0.004593154
359	4825	613	0.004593154
359	151	614	0.004561034
359	1600	615	0.004561034
359	1792	616	0.004545142
359	2539	617	0.004545142
359	1978	618	0.00452936
359	3005	619	0.00452936
359	3092	620	0.00452936
359	3438	621	0.00452936
359	3484	622	0.00452936
359	4664	623	0.004498123
359	760	624	0.004467314
359	3655	625	0.004436924
359	2841	626	0.004421884
359	1945	627	0.004406945
359	2833	628	0.004406945
359	904	629	0.004392107
359	4240	630	0.004377368
359	5116	631	0.004348185
359	4040	632	0.00433374
359	216	633	0.00431939
359	2556	634	0.00431939
359	1526	635	0.004290973
359	2320	636	0.004290973
359	3342	637	0.004290973
359	4278	638	0.004290973
359	3927	639	0.004249041
359	4015	640	0.004244433
359	2674	641	0.004207921
359	3876	642	0.004207921
359	949	643	0.004180948
359	521	644	0.004134566
359	1123	645	0.004128024
359	1316	646	0.004128024
359	2636	647	0.004128024
359	3468	648	0.004128024
359	727	649	0.004128024
359	1343	650	0.004115002
359	1946	651	0.004102062
359	5098	652	0.004102062
359	2723	653	0.004082803
359	2069	654	0.004076424
359	2196	655	0.004076424
359	5338	656	0.004076424
359	4318	657	0.004051104
359	3407	658	0.004038562
359	4225	659	0.00403232
359	1314	660	0.004026098
359	1924	661	0.004026098
359	2451	662	0.004026098
359	3654	663	0.004026098
359	5176	664	0.004026098
359	1405	665	0.004001398
359	2336	666	0.003976999
359	336	667	0.003976999
359	4177	668	0.003976999
359	5038	669	0.003976999
359	3726	670	0.003913367
359	1741	671	0.003905556
359	3395	672	0.003905556
359	853	673	0.003893897
359	312	674	0.003882308
359	3336	675	0.003882308
359	4117	676	0.003847952
359	2776	677	0.003836634
359	5231	678	0.003836634
359	1971	679	0.003803078
359	1070	680	0.003792022
359	1371	681	0.003792022
359	1541	682	0.003792022
359	3897	683	0.003770103
359	4058	684	0.003770103
359	4839	685	0.003770103
359	4119	686	0.003759238
359	2545	687	0.003748436
359	2962	688	0.003748436
359	1954	689	0.003727016
359	4720	690	0.003727016
359	4059	691	0.00370584
359	3450	692	0.003664201
359	3795	693	0.003643731
359	4798	694	0.003643731
359	1531	695	0.003623488
359	2535	696	0.003583669
359	3259	697	0.003583669
359	1966	698	0.003564086
359	4869	699	0.003564086
359	2624	700	0.003544716
359	4005	701	0.003544716
359	4901	702	0.003525556
359	12	703	0.003487849
359	1092	704	0.003450941
359	5102	705	0.003450941
359	3362	706	0.003432778
359	3804	707	0.003432778
359	3004	708	0.003414805
359	4186	709	0.003414805
359	5232	710	0.00339702
359	585	711	0.003356232
359	2853	712	0.003327693
359	3787	713	0.003327693
359	1535	714	0.00329408
359	2205	715	0.003244915
359	2082	716	0.003239542
359	2996	717	0.003212945
359	401	718	0.003212945
359	5103	719	0.003212945
359	2700	720	0.003205051
359	3402	721	0.003181599
359	1616	722	0.003166154
359	3187	723	0.003140744
359	3008	724	0.003135711
359	3432	725	0.003105847
359	439	726	0.003091127
359	4657	727	0.003091127
359	2915	728	0.003043054
359	3304	729	0.003019573
359	4625	730	0.003005658
359	4076	731	0.002991871
359	2436	732	0.002951257
359	3003	733	0.002951257
359	2334	734	0.002924788
359	3791	735	0.002924788
359	4134	736	0.00287325
359	2543	737	0.002860648
359	1248	738	0.002848156
359	1950	739	0.002848156
359	2692	740	0.002848156
359	540	741	0.002799261
359	1689	742	0.002787298
359	21	743	0.002775438
359	2893	744	0.002775438
359	351	745	0.002767586
359	1241	746	0.002763677
359	5350	747	0.002763677
359	3543	748	0.002752016
359	1962	749	0.002728987
359	4797	750	0.002728987
359	2067	751	0.00270634
359	4025	752	0.002695156
359	1411	753	0.002684065
359	1318	754	0.002673065
359	5052	755	0.002673065
359	1522	756	0.002662154
359	374	757	0.002640598
359	1226	758	0.002629951
359	3023	759	0.002629951
359	2561	760	0.00261414
359	1715	761	0.002598517
359	2991	762	0.002598517
359	2551	763	0.002577976
359	1455	764	0.002567826
359	169	765	0.002567826
359	3567	766	0.002567826
359	2625	767	0.002557756
359	265	768	0.002528015
359	370	769	0.002528015
359	4663	770	0.002528015
359	770	771	0.002518254
359	902	772	0.002518254
359	3156	773	0.002508569
359	4103	774	0.002484677
359	2650	775	0.002475248
359	1681	776	0.00247056
359	1780	777	0.00247056
359	4553	778	0.00247056
359	1501	779	0.002451984
359	2368	780	0.002442801
359	4190	781	0.002433686
359	4216	782	0.002424639
359	2548	783	0.002415659
359	2823	784	0.002397896
359	466	785	0.002397896
359	4790	786	0.002389113
359	4794	787	0.002371738
359	4970	788	0.002371738
359	1223	789	0.002363144
359	3918	790	0.002363144
359	1581	791	0.002354613
359	4753	792	0.002354613
359	141	793	0.002346143
359	2809	794	0.002337734
359	3535	795	0.002329385
359	4487	796	0.002329385
359	3570	797	0.002321095
359	842	798	0.002321095
359	1534	799	0.002296577
359	3435	800	0.002296577
359	4894	801	0.002296577
359	1042	802	0.002288519
359	2851	803	0.002288519
359	4263	804	0.002288519
359	1247	805	0.002280517
359	3408	806	0.00226468
359	3418	807	0.002241333
359	5036	808	0.002241333
359	328	809	0.002233657
359	2698	810	0.002226034
359	4102	811	0.002226034
359	4791	812	0.002226034
359	5294	813	0.002226034
359	3947	814	0.002210942
359	3018	815	0.002196053
359	248	816	0.002188684
359	311	817	0.002188684
359	383	818	0.002174093
359	2053	819	0.00216687
359	4463	820	0.00216687
359	1508	821	0.002152567
359	354	822	0.002152567
359	186	823	0.002138452
359	3792	824	0.002138452
359	1006	825	0.002131463
359	756	826	0.002117623
359	380	827	0.002090474
359	498	828	0.002090474
359	478	829	0.002083795
359	4067	830	0.002070565
359	4193	831	0.002064012
359	1063	832	0.002057501
359	3398	833	0.002051031
359	1595	834	0.002044601
359	4890	835	0.00201616
359	133	836	0.002006855
359	3437	837	0.002006855
359	3907	838	0.002006855
359	5015	839	0.001991535
359	3786	840	0.001988499
359	5041	841	0.001988499
359	1304	842	0.001935394
359	3782	843	0.001929668
359	188	844	0.001918317
359	2951	845	0.001907099
359	377	846	0.001874218
359	4801	847	0.001858199
359	3693	848	0.001855556
359	4384	849	0.001837261
359	414	850	0.001826969
359	1109	851	0.001811744
359	4458	852	0.001791835
359	3006	853	0.001777188
359	1979	854	0.001734648
359	3443	855	0.001681
359	3793	856	0.001638763
359	4017	857	0.001638763
359	2620	858	0.001622457
359	1773	859	0.001618431
359	5042	860	0.001618431
359	3446	861	0.001586929
359	382	862	0.001478975
359	484	863	0.001442982
359	855	864	0.001420976
359	5177	865	0.00140264
359	241	866	0.001396633
359	1078	867	0.001370227
359	2118	868	0.001194556
359	1370	869	0.001111121
359	1617	870	0.001099878
359	3459	871	0.001035282
359	4057	872	0.00100808
359	2661	873	8.62735E-4
